//image 1
[0.18499367,0.01010872,0.05967192,0.21780795,0.06401781,-0.09694621,-0.02273024,-0.07920409,-0.1632465,-0.06242509,0.20131549,0.02862481
,-0.04016721,0.17714901,0.06038287,0.07489635,0.11374742,0.16430318,0.05169333,-0.05472623,-0.02766441,0.0157764,0.10024914,-0.04063419
,0.06576135,0.04264692,-0.03969842,0.01972499 -0.04484443,0.10710002,-0.04057112,-0.0431929,0.00120337,0.02301318,-0.01185138,-0.12314437
,0.01275888,-0.07453886,-0.03830642,0.05364829,0.08340184,-0.00192994,0.16397156,-0.07405579,-0.02790023,-0.00194194,0.06157074,0.0538631
,0.04036142,-0.13565043,-0.00511866,0.03983696,0.00773312,-0.15641715,-0.20310141,0.13480397,-0.00378607,-0.01914833,0.00788904,-0.04227419
,0.10801286,-0.12027068,-0.08755796,0.08695091,-0.00246122,0.01132062,0.02987638,0.12878695,-0.11515402,-0.04138936,0.07328834,-0.0469036
,-0.07322165,-0.1086572,0.10665531,0.02184335,0.06013235,0.16844349,0.0463501,0.02952955,-0.10079466,0.10634598,0.0754161,-0.07725793
,-0.05434881,0.1669358,0.00342361 -0.1790029,0.04112671,-0.04284463,-0.02346162,0.0698458,-0.03211876,-0.12526622,0.12375453,-0.03161035
,0.08605326,-0.05307532,-0.07216152,0.16851951,0.1415331,-0.04802546,-0.02315004,-0.07837428,-0.10286551,0.0724749,-0.14250422,-0.05909933
,-0.05940653,0.08211727,-0.16253954,0.099459,0.01397905,-0.06084979,-0.04204606,0.00090884,-0.07231908,0.10473716,0.05276007,-0.06806775
,0.10297707,0.00668259,-0.1126344,0.0815808,-0.02183541,0.06308419,-0.06742598,0.07360801]

//image 2
[-0.02483359,0.11858264,0.01985065,-0.02614629,0.03953734,-0.09189723,0.04879911,0.03523741,-0.11995987,0.11260321,0.08418112,0.1651088
,-0.06792285,0.11408652,0.10246798,0.04781328,-0.01123893,-0.07050114,-0.06243524 -0.10628789 -0.10439356 -0.03000191,0.01790305,-0.14693181
,0.07011586,0.10711983-0.10045001,0.12590645,-0.00842741,0.00428536,0.03731129,-0.04848308,0.01303492,-0.04888745,0.09483603,-0.12248961
,-0.08293714,-0.12411426,-0.13962586,0.11337283,-0.10279956,0.00298215,-0.12629195,-0.03395786,-0.0959339,0.05047068,0.0587103,0.12476573
,0.07575581,-0.01646311,-0.071259,0.08176875,-0.23215483,0.02137616,0.05703667,0.03939271,-0.03126943,-0.07667555,0.02655419,0.05405792
,0.16833636,0.08708127,0.01354295,-0.03528323,-0.05420851,-0.00407876,0.01526571,-0.00377272,-0.06376874,-0.05541053,-0.18035743,-0.02768962
,-0.00121025,-0.03133082,0.19741267,0.24367653,0.02061424,0.09721702,0.01938503,0.1632268,0.019973,0.031434,0.09151333,0.04614544,-0.0199069,
-0.0036319,-0.0221768,-0.00146036,0.0338138,-0.06829815,-0.0992724,0.07914893,-0.13330474,-0.1473507,0.05205911,-0.04987757,-0.01715922,-0.02731836
,-0.05987015,-0.01858988,0.08013435,-0.02964913,-0.06433604,0.04935122,0.00341059,-0.12560517,-0.12733641,-0.01466667,-0.09387803,0.11020585
,-0.07108028,0.06292754,-0.06806112,0.06881329,-0.09127465,-0.06858836,0.12846464,0.04414278,-0.1866702,0.04539911,0.05545015,0.06107374,-0.02960809
,-0.1876806,0.19406311,-0.10083084,0.03042565,0.06706766]

image 1
[-0.118750341236591,0.113604478538036,0.0912592113018036,-0.0971237942576408,-0.0753114446997643,-0.00404656725004315,0.0298469755798578,
-0.0109586045145988,0.111995831131935,-0.0304871518164873,0.239000245928764,-0.00312783475965261,-0.267123609781265,-0.122463762760162,
-0.0293968115001917,0.0804834142327309,-0.132495164871216,-0.0547220855951309,-0.135444834828377,-0.102030798792839,0.0616848431527615,
0.0156009923666716,-0.00024765043053776,-0.0294199287891388,-0.0974850207567215,-0.380863547325134,-0.0191067382693291,-0.101470664143562,
-0.0488682202994823,-0.142499774694443,0.0194978639483452,0.031070539727807,-0.142700865864754,-0.0590525567531586,-0.0473146960139275,
0.0549966469407082,-0.0386424735188484,-0.0574612580239773,0.110813915729523,-0.0376280769705772,-0.113948091864586,-0.0329962410032749,
0.0319054313004017,0.256763815879822,0.226246938109398,0.0537704788148403,0.00396724790334702,-0.0415355637669563,0.14542581140995,
-0.299819469451904,0.0606670305132866,0.0985656827688217,0.0764443576335907,0.025488493964076,0.121242821216583,-0.10094528645277,
-0.00611631106585264,0.0555437803268433,-0.169282525777817,0.0155118303373456,0.011024272069335,-0.100541196763515,-0.118264108896255,
-0.140375167131424,0.206737741827965,0.0990018621087074,-0.162723645567894,-0.0579852610826492,0.117012098431587,-0.134933397173882,
-0.0352211147546768,0.00286075286567211,-0.108366936445236,-0.163675114512444,-0.273707836866379,0.138165488839149,0.409574210643768,
0.186405867338181,-0.193522334098816,-0.025781661272049,-0.119753532111645,0.0214412920176983,0.070718452334404,0.0557030737400055,
-0.110996074974537,0.00790562853217125,-0.100901387631893,0.0582283213734627,0.113250516355038,-0.0395437926054001,-0.0838317200541496,
0.223587363958359,-0.0318335480988026,0.0672411620616913,0.0169702377170324,0.00660179555416107,-0.112160935997963,0.0307646337896585,
-0.0978876277804375,0.0195675268769264,0.171645432710648,-0.146601930260658,0.0124437194317579,0.101775713264942,-0.122864834964275,
0.113308630883694,-0.0346439629793167,0.0494540818035603,0.0872176364064217,-0.0480909161269665,-0.10665400326252,-0.0594000965356827,
0.14290477335453,-0.22108656167984,0.161567330360413,0.174730494618416,0.00238140556029975,0.157511696219444,0.111105710268021,0.0704015865921974,
0.00911845825612545,-0.00277903862297535,-0.153124138712883,-0.0464902929961681,0.0758806169033051,0.0198370255529881,0.0479274317622185,0.00257362611591816]

image 2
[-0.101568050682545,0.0993883162736893,0.0643373876810074,-0.0604365468025208,-0.0371417514979839,-0.0858144015073776,0.0291492324322462,0.0047165397554636
,0.163238316774368,-0.113275408744812,0.257049381732941,-0.0153441233560443,-0.256166011095047,-0.109001249074936,-0.0117132971063256,0.0745745077729225
,-0.0961394757032394,-0.175195768475533,-0.107375286519527,-0.0538243018090725,0.108088031411171,0.0567528381943703,0.00472339708358049,-0.020287711173296
,-0.153506815433502,-0.406337916851044,-0.120443873107433,-0.0460957773029804,0.0413976609706879,-0.122616603970528,-0.0124986357986927,0.0474132373929024
,-0.172835290431976,-0.104654245078564,0.00640837103128433,0.0997547432780266,0.0305410157889128,-0.0323556251823902,0.17152127623558,-0.0103338696062565
,-0.187629595398903,0.0140487737953663,0.0805144384503365,0.300223618745804,0.176475122570992,0.0495466776192188,0.0218719281256199,-0.0307733714580536
,0.0911904722452164,-0.23004275560379,0.128415986895561,0.0793821811676025,0.151817247271538,0.0559798628091812,0.126858979463577,-0.111599400639534
,-0.0222281701862812,0.135051012039185,-0.249809890985489,0.0504350736737251,0.0135542582720518,-0.0903337895870209,-0.0417565107345581,-0.0334666036069393
,0.199756324291229,0.109429650008678,-0.119567066431046,-0.142203584313393,0.194384261965752,-0.219102889299393,-0.0544913411140442,0.0284224636852741
,-0.0787644311785698,-0.105306275188923,-0.333068162202835,0.0963654965162277,0.383897483348846,0.117855496704578,-0.154903054237366,0.106441751122475
,0.00153763522394001,-0.0289828181266785,0.0668876320123672,0.0632434040307999,-0.143154039978981,0.084132082760334,-0.140399768948555,0.0714704990386963
,0.199138626456261,0.0489952489733696,-0.123033627867699,0.163462296128273,-0.0200214218348265,0.0931480228900909,0.145358592271805,0.0426731668412685
,-0.100495062768459,-0.059389378875494,-0.171680927276611,0.0492862947285175,0.0541797615587711,-0.115837782621384,-0.0806891173124313,0.111339785158634
,-0.0574336908757687,0.100924871861935,-0.0334191098809242,-0.0210543014109135,-0.0685544162988663,0.0386330857872963,-0.108210429549217,-0.0626786723732948
,0.0686174929141998,-0.243635877966881,0.183325678110123,0.12423961609602,0.000722986645996571,0.162589550018311,0.118807218968868,0.0150978658348322
,0.0599206984043121,-0.00799907930195332,-0.157794788479805,-0.103935748338699,0.0729764103889465,-0.0147183137014508,0.163520038127899,0.0504186078906059]